36.019
36.372
36.727
37.084
37.442
37.8
38.158
38.516
38.872
39.227
39.579
39.929
40.275
40.618
40.958
41.293
41.623
41.949
42.271
42.587
42.898
43.204
43.505
43.801
44.092
44.379
44.66
44.938
45.21
45.479
45.744
46.004
46.262
46.516
46.767
47.015
47.26
47.503
47.745
47.984
48.178
48.328
48.433
48.493
48.546
48.599
48.652
48.705
48.758
48.811
48.819
48.816
48.78
48.743
48.707
48.67
48.633
48.596
48.559
48.522
48.484
48.446
48.408
48.371
48.332
48.294
48.255
48.217
48.178
48.139
48.1
48.061
48.022
47.982
47.943
47.903
47.864
47.824
47.784
47.744
47.705
47.665
47.625
47.586
47.546
47.507
47.468
47.429
47.39
47.351
47.313
47.274
47.236
47.198
47.16
47.123
47.085
47.048
47.011
46.975
46.938
46.903
46.867
46.831
46.796
46.762
46.727
46.694
46.661
46.629
46.599
46.571
46.544
46.519
46.495
46.474
46.454
46.437
46.42
46.404
46.39
46.376
46.362
46.349
46.338
46.327
46.316
46.307
46.297
46.288
46.279
46.271
46.264
46.256
46.25
46.244
46.238
46.233
46.228
46.224
46.221
46.218
46.216
46.214
46.213
46.212
46.212
46.23
46.264
46.316
46.384
46.468
46.566
46.677
46.8
46.934
47.078
47.23
47.389
47.553
47.721
47.892
48.065
48.193
48.276
48.329
48.382
48.435
48.488
48.541
48.593
48.646
48.699
48.752
48.805
48.858
48.911
48.964
49.017
49.07
49.123
49.131
49.129
49.081
49.029
48.976
48.923
48.87
48.862
48.898
48.951
49.004
49.057
49.065
49.062
49.015
48.962
48.909
48.856
48.848
48.845
48.842
48.839
48.836
48.833
48.83
48.826
48.823
48.82
48.816
48.813
48.809
48.805
48.801
48.797
48.794
48.79
48.786
48.782
48.778
48.774
48.77
48.766
48.763
48.759
48.756
48.753
48.75
48.747
48.744
48.741
48.739
48.736
48.733
48.73
48.727
48.724
48.721
48.718
48.715
48.713
48.71
48.707
48.704
48.702
48.701
48.701
48.746
48.745
48.79
48.843
48.851
48.851
48.895
48.948
48.956
49.009
49.017
49.07
49.078
49.078
49.123
49.176
49.184
49.237
49.245
49.298
49.306
49.306
49.35
49.403
49.411
49.464
49.472
49.525
49.534
49.533
49.578
49.631
49.639
49.692
49.7
49.753
49.761
49.761
49.806
49.858
49.867
49.919
49.928
49.981
49.989
49.989
49.988
49.988
49.943
49.89
49.837
49.784
49.731
49.679
49.626
49.573
49.52
49.467
49.414
49.361
49.308
49.255
49.202
49.15
49.097
49.044
48.991
48.938
48.885
48.832
48.824
48.86
48.913
48.922
48.92
48.874
48.821
48.813
48.849
48.902
48.955
49.008
49.061
49.114
49.167
49.219
49.228
49.227
49.182
49.13
49.077
49.024
48.971
48.918
48.865
48.861
48.855
48.85
48.844
48.837
48.83
48.821
48.812
48.802
48.791
48.78
48.767
48.753
48.739
48.725
48.713
48.7
48.688
48.675
48.662
48.65
48.636
48.624
48.611
48.598
48.584
48.571
48.558
48.545
48.532
48.473
48.371
48.247
48.122
47.996
47.868
47.738
47.612
47.47
47.328
47.184
47.039
46.892
46.742
46.585
46.426
46.264
46.102
45.938
45.772
45.604
45.434
45.266
45.102
44.935
44.76
44.574
44.379
44.176
43.97
43.769
43.583
43.398
43.212
43.035
42.868
42.695
42.522
42.392
42.308
42.252
42.19
42.12
42.043
41.958
41.863
41.759
41.646
41.525
41.395
41.257
41.038
40.816
40.59
40.295
40.049
39.847
39.672
39.496
39.319
39.143
38.966
38.8
38.638
38.519
38.431
38.336
38.232
38.12
37.999
37.867
37.723
37.571
37.415
37.213
37.004
36.791
36.562
36.324
36.078
35.816
35.547
35.269
34.984
34.691
34.389
34.08
33.76
33.43
33.089
32.736
32.373
32.032
31.665
31.293
30.916
30.53
30.134
29.733
29.326
28.914
28.498
28.079
27.669
27.269
26.876
26.505
26.147
25.783
25.416
25.054
24.702
24.358
24.011
23.71
23.456
23.244
23.028
22.808
22.583
22.354
22.113
21.855
21.553
21.204
20.81
20.377
19.947
19.53
19.105
18.674
18.236
17.846
17.45
17.065
16.678
16.289
15.899
15.539
15.209
14.882
14.602
14.369
14.137
13.909
13.71
13.518
13.372
13.271
13.166
13.06
12.953
12.844
12.733
12.585
12.435
12.281
12.121
11.952
11.777
11.595
11.406
11.217
11.031
10.849
10.668
10.49
10.314
10.139
9.9655
9.8385
9.7573
9.7208
9.717
9.713
9.7086
9.704
9.6992
9.6941
9.6889
9.6802
9.671
9.6612
9.6508
9.6398
9.6272
9.614
9.6003
9.5861
9.5714
9.556
9.5399
9.5233
9.506
9.488
9.4693
9.4499
9.4299
9.4094
9.3882
9.3626
9.3325
9.2979
9.2612
9.224
9.186
9.1472
9.1072
9.0659
9.023
8.9783
8.9318
8.8835
8.7953
8.7163
8.6367
8.556
8.52
8.5078
8.4954
8.4827
8.4697
8.4563
8.4422
8.4238
8.4005
8.372
8.3377
8.2974
8.2509
8.1985
8.1402
8.0765
8.0078
7.9346
7.86
7.7838
7.7061
7.6267
7.5456
7.4628
7.3782
7.2916
7.166
7.0384
6.9112
6.785
6.6604
6.5381
6.4185
6.3023
6.1901
6.0822
5.9764
5.8693
5.7608
5.6505
5.5394
5.4293
5.3206
5.2138
5.1093
5.0076
4.9091
4.8144
4.7239
4.6422
4.5606
4.4792
4.3983
4.318
4.2386
4.1605
4.0839
4.0094
3.9373
3.8682
3.8024
3.75
3.6966
3.6423
3.5865
3.5295
3.4724
3.4155
3.3592
3.3039
3.2502
3.1987
3.1486
3.0974
3.0449
2.9928
2.9413
2.8907
2.8415
2.794
2.7489
2.7065
2.6676
2.6326
2.5992
2.5651
2.5298
2.4942
2.4592
2.4252
2.3926
2.3618
2.3333
2.3076
2.2853
2.2671
2.2535
2.2535
2.2535
2.2982
2.3923
2.5589
2.81
3.1472
3.5643
4.0483
4.5849
5.1662
5.7923
6.4632
7.1787
7.8718
8.547
9.2124
9.8723
10.529
11.183
11.836
12.486
13.133
13.778
14.418
15.052
15.679
16.301
16.918
17.528
18.133
18.732
19.325
19.91
20.486
21.052
21.607
22.152
22.686
23.209
23.721
24.222
24.712
25.192
25.661
26.12
26.568
27.007
27.436
27.857
28.268
28.671
29.067
29.455
29.836
30.21
30.578
30.941
31.298
31.65
31.997
32.34
32.68
33.015
33.348
33.725
34.147
34.614
35.076
35.534
35.989
36.439
36.886
37.328
37.767
38.203
38.635
39.064
39.489
39.911
40.329
40.664
40.932
41.146
41.404
41.708
42.056
42.45
42.764
43.015
43.216
43.462
43.753
44.088
44.356
44.571
44.83
45.134
45.483
45.762
45.985
46.253
46.565
46.815
47.015
47.26
47.55
47.824
48.07
48.272
48.429
48.541
48.609
48.662
48.715
48.768
48.821
48.873
48.926
48.979
49.032
49.085
49.138
49.191
49.244
49.297
49.349
49.358
49.358
49.402
49.455
49.463
49.516
49.524
49.577
49.585
49.585
49.63
49.683
49.691
49.744
49.752
49.805
49.813
49.866
49.874
49.874
49.918
49.971
49.98
50.032
50.041
50.093
50.102
50.102
50.146
50.199
50.207
50.26
50.268
50.321
50.329
50.329
50.319
50.266
50.213
50.16
50.108
50.055
50.002
49.949
49.896
49.843
49.79
49.737
49.684
49.631
49.578
49.526
49.473
49.42
49.367
49.314
49.261
49.208
49.155
49.102
49.049
48.996
48.944
48.891
48.838
48.802
48.766
48.73
48.695
48.66
48.625
48.59
48.555
48.521
48.487
48.453
48.419
48.385
48.351
48.318
48.285
48.281
48.277
48.273
48.27
48.266
48.263
48.26
48.258
48.255
48.253
48.251
48.249
48.248
48.247
48.246
48.245
48.245
48.245
48.29
48.343
48.396
48.449
48.502
48.554
48.607
48.66
48.713
48.766
48.819
48.872
48.925
48.978
49.031
49.084
49.136
49.189
49.242
49.295
49.348
49.401
49.454
49.507
49.56
49.612
49.666
49.718
49.771
49.824
49.877
49.93
49.983
50.036
50.089
50.142
50.194
50.247
50.3
50.309
50.306
50.258
50.205
50.152
50.099
50.046
49.993
49.94
49.887
49.834
49.782
49.729
49.676
49.623
49.57
49.517
49.464
49.411
49.358
49.305
49.252
49.2
49.147
49.094
49.041
48.988
48.935
48.882
48.829
48.821
48.858
48.91
48.963
49.016
49.069
49.122
49.175
49.228
49.281
49.334
49.387
49.44
49.493
49.545
49.598
49.651
49.704
49.757
49.765
49.818
49.826
49.825
49.778
49.725
49.672
49.619
49.566
49.514
49.461
49.408
49.355
49.302
49.249
49.196
49.143
49.09
49.037
48.984
48.932
48.879
48.826
48.818
48.854
48.907
48.96
49.013
49.066
49.119
49.172
49.224
49.277
49.33
49.338
49.302
49.249
49.196
49.143
49.09
49.037
48.984
48.932
48.879
48.826
48.802
48.733
48.62
48.462
48.301
48.135
47.978
47.829
47.68
47.526
47.365
47.198
47.025
46.834
46.626
46.4
46.155
45.898
45.633
45.357
45.072
44.777
44.472
44.158
43.834
43.501
43.155
42.802
42.442
42.076
41.706
41.333
40.956
40.586
40.221
39.864
39.518
39.187
38.877
38.577
38.283
37.99
37.699
37.409
37.122
36.842
36.572
36.312
36.058
35.81
35.56
35.3
35.029
34.747
34.444
34.12
33.773
33.405
33.032
32.665
32.302
31.948
31.61
31.292
30.993
30.715
30.446
30.179
29.915
29.654
29.413
29.216
29.064
28.93
28.791
28.645
28.455
28.22
27.939
27.615
27.251
26.881
26.502
26.115
25.719
25.315
24.902
24.482
24.059
23.632
23.201
22.766
22.326
21.898
21.497
21.127
20.764
20.393
20.015
19.627
19.227
18.815
18.39
17.971
17.576
17.201
16.843
16.501
16.172
15.855
15.561
15.274
14.994
14.707
14.418
14.128
13.839
13.551
13.311
13.073
12.835
12.59
12.392
12.194
12.043
11.887
11.726
11.561
11.394
11.225
11.055
10.883
10.586
10.295
10.01
9.7312
9.5012
9.3184
9.1589
8.9978
8.8352
8.6715
8.5055
8.3372
8.166
7.9913
7.8125
7.6293
7.4413
7.2486
7.0515
6.8503
6.6961
6.5428
6.3907
6.24
6.0909
5.9434
5.7966
5.6064
5.375
5.1045
4.8027
4.5257
4.2712
4.0685
3.9244
3.8376
3.7508
3.6637
3.5758
3.4876
3.4011
3.3166
3.23
3.1503
3.0731
2.9987
2.9273
2.8592
2.7947
2.7338
2.6767
2.6234
2.5738
2.5343
2.4957
2.4583
2.4221
2.3875
2.3547
2.3208
2.2868
2.2523
2.2178
2.1839
2.1518
2.1221
2.1032
2.0828
2.0609
2.0377
2.0135
1.9881
1.9619
1.9348
1.9069
1.8783
1.8499
1.8221
1.7951
1.7687
1.7432
1.7187
1.6951
1.6727
1.6516
1.6318
1.6135
1.5967
1.5816
1.5682
1.5566
1.5468
1.5384
1.5323
1.528
1.5258
1.5255
1.5699
1.6359
1.7043
1.7732
1.8418
1.9098
1.9767
2.0418
2.1048
2.1656
2.224
2.28
2.3336
2.3845
2.4328
2.4783
2.5211
2.5609
2.5978
2.6317
2.6625
2.6902
2.7147
2.7361
2.7542
2.7691
2.7808
2.7894
2.8423
2.8505
2.8502
2.8496
2.8486
2.8473
2.8454
2.8429
2.8398
2.8358
2.831
2.8252
2.8183
2.8978
3.0436
3.2376
3.4763
3.7597
3.9716
4.1213
4.2174
4.267
4.272
4.2322
4.1218
4.0139
3.9067
3.7952
3.6762
3.5507
3.4199
3.2848
3.1465
3.0061
2.8647
2.7233
2.583
2.4448
2.3095
2.1782
2.0519
1.9316
1.8561
1.7953
1.7232
1.6616
1.5945
1.5226
1.4464
1.3668
1.2844
1.1999
1.114
1.0274
0.94061
0.8543
0.76896
0.68503
0.60286
0.52269
0.44467
0.36884
0.29511
0.2233
0
0
0
0
0
0
0
0
0
0
0
0
0
0
0
0
0
0
0
0
0
0
0
0
0
0
0
0
0
0
0
0
0
0
0
0
0
0
0
0
0
0
0
0
0
0
0
0
0
0
0
0
0
0
0
0
0
0
0
0
0
0
0
0
0
0
0
0
0
0
0
0
0
0
0
0
0
0
0
0
0
0
0
0
0
0
0
0
0
0
0
0
0
0
0
0
0
0
0
0
0
0
0
0
0
0
0
0
0
0
0
0
0
0
0
0
0
0
0
0
0
0
0
0
0
0
0
0
0
0
0
0
0
0
0
0
0
0
0
0
0
0
0
0
0
0
0
0
0
0
0
0
0
0
0
0
0
0
0
0
0
0
0
0
0
0
0
0
0
0
0
0
0
0
0
0
0
0
0
0
0
0
0
0
0
0
0
0
0
0
0
0
0
0
0
0
0
0
0
0
0
0
0
0
0
0
0
0
0
0
0
0
0
0
0
0
0
0
0
0
0
0
0
0
0
0
0
0
0
0
0
0
0
0
0
0
0
0
0
0
0
0
0
0
0
0
0
0
0
0
0
0
0
0
0
0
0
0
0
0
0
0
0
0
0
0
0
0
0
0
0
0
0
0
0
0
0
0
0
0
0.044739
0.13422
0.30196
0.53933
0.82144
1.0588
1.2514
1.4302
1.6537
1.9219
2.2349
2.5926
2.9951
3.4423
3.9342
4.4709
5.0523
5.6628
6.2782
6.9036
7.5395
8.1861
8.8427
9.508
10.18
10.858
11.53
12.193
12.848
13.497
14.139
14.775
15.406
16.03
16.649
17.262
17.869
18.47
19.066
19.657
20.243
20.825
21.402
21.974
22.542
23.106
23.665
24.219
24.77
25.316
25.857
26.394
26.926
27.453
27.961
28.45
28.921
29.375
29.812
30.233
30.639
31.031
31.409
31.774
32.127
32.47
32.803
33.18
33.602
34.069
34.536
34.999
35.458
35.913
36.365
36.812
37.255
37.695
38.131
38.48
38.759
38.982
39.16
39.388
39.66
39.977
40.339
40.745
41.157
41.486
41.75
41.96
42.126
42.339
42.597
42.899
43.246
43.638
44.027
44.338
44.587
44.786
45.03
45.318
45.651
45.918
46.131
46.389
46.691
46.934
47.22
47.45
47.724
47.98
48.192
48.359
48.481
48.559
48.612
48.665
48.718
48.771
48.824
48.877
48.929
48.982
49.035
49.088
49.141
49.194
49.247
49.3
49.353
49.406
49.459
49.511
49.564
49.617
49.67
49.678
49.678
49.723
49.776
49.784
49.837
49.845
49.898
49.906
49.959
49.967
49.967
50.011
50.064
50.072
50.125
50.133
50.186
50.195
50.194
50.239
50.292
50.3
50.353
50.361
50.414
50.422
50.411
50.358
50.305
50.252
50.199
50.146
50.093
50.04
49.987
49.934
49.882
49.829
49.776
49.723
49.67
49.617
49.564
49.511
49.458
49.405
49.352
49.3
49.247
49.194
49.141
49.088
49.035
48.982
48.929
48.876
48.823
48.787
48.752
48.716
48.681
48.646
48.611
48.577
48.542
48.508
48.474
48.441
48.407
48.374
48.342
48.309
48.277
48.245
48.213
48.181
48.15
48.119
48.088
48.057
48.027
47.997
47.996
47.996
47.995
47.995
48.04
48.093
48.145
48.198
48.251
48.304
48.357
48.41
48.463
48.516
48.569
48.622
48.675
48.727
48.78
48.833
48.886
48.939
48.992
49.045
49.098
49.151
49.204
49.257
49.309
49.362
49.415
49.468
49.521
49.574
49.627
49.68
49.733
49.786
49.839
49.891
49.944
49.997
50.05
50.103
50.156
50.209
50.262
50.315
50.368
50.376
50.373
50.326
50.273
50.22
50.167
50.114
50.061
50.008
49.955
49.903
49.85
49.797
49.744
49.691
49.638
49.585
49.532
49.479
49.426
49.373
49.321
49.268
49.215
49.162
49.109
49.056
49.003
48.95
48.897
48.844
48.836
48.873
48.926
48.979
49.032
49.084
49.137
49.19
49.243
49.296
49.349
49.402
49.455
49.508
49.561
49.614
49.622
49.675
49.683
49.736
49.744
49.797
49.805
49.805
49.849
49.902
49.91
49.963
49.971
50.024
50.032
50.032
50.077
50.13
50.138
50.191
50.199
50.252
50.26
50.26
50.304
50.357
50.365
50.418
50.426
50.479
50.487
50.487
50.532
50.585
50.593
50.593
50.548
50.495
50.442
50.389
50.336
50.283
50.23
50.177
50.124
50.072
50.019
49.966
49.913
49.86
49.807
49.754
49.701
49.648
49.595
49.542
49.49
49.437
49.384
49.331
49.278
49.225
49.172
49.119
49.066
49.013
48.96
48.907
48.855
48.846
48.883
48.936
48.989
49.042
49.095
49.148
49.2
49.253
49.306
49.314
49.312
49.266
49.213
49.16
49.107
49.054
49.001
48.948
48.895
48.842
48.834
48.871
48.923
48.976
49.029
49.082
49.135
49.188
49.241
49.294
49.347
49.4
49.453
49.505
49.558
49.611
49.664
49.717
49.77
49.823
49.876
49.929
49.982
50.035
50.087
50.14
50.193
50.246
50.299
50.352
50.405
50.458
50.511
50.519
50.572
50.58
50.577
50.53
50.477
50.424
50.371
50.318
50.265
50.212
50.16
50.107
50.054
50.001
49.948
49.895
49.842
49.789
49.736
49.683
49.63
49.578
49.525
49.472
49.419
49.366
49.313
49.26
49.207
49.154
49.101
49.048
48.996
48.943
48.89
48.837
48.829
48.865
48.918
48.971
49.024
49.077
49.13
49.183
49.236
49.289
49.342
49.394
49.447
49.456
49.454
49.407
49.355
49.302
49.249
49.196
49.143
49.09
49.037
48.984
48.931
48.878
48.825
48.817
48.854
48.907
48.96
49.013
49.021
48.984
48.903
48.777
48.634
48.49
48.343
48.194
48.043
47.875
47.704
47.532
47.356
47.173
46.945
46.677
46.41
46.139
45.866
45.589
45.304
45.013
44.717
44.417
44.114
43.816
43.538
43.278
43.032
42.79
42.546
42.301
42.053
41.803
41.553
41.3
41.044
40.786
40.525
40.261
39.995
39.729
39.459
39.188
38.92
38.66
38.406
38.155
37.914
37.68
37.45
37.232
37.023
36.835
36.692
36.509
36.322
36.131
35.923
35.714
35.504
35.294
35.083
34.872
34.663
34.455
34.246
34.037
33.824
33.612
33.408
33.224
33.061
32.942
32.851
32.759
32.666
32.572
32.477
32.38
32.283
32.185
32.086
31.943
31.77
31.593
31.387
31.173
30.951
30.721
30.482
30.233
29.975
29.725
29.498
29.316
29.179
29.07
28.953
28.828
28.695
28.554
28.405
28.21
27.971
27.688
27.4
27.108
26.808
26.463
26.139
25.792
25.434
25.073
24.703
24.299
23.869
23.417
22.944
22.448
21.939
21.42
20.911
20.412
19.918
19.42
18.916
18.456
18.042
17.672
17.347
17.067
16.803
16.557
16.315
16.084
15.861
15.64
15.42
15.17
14.889
14.603
14.316
14.038
13.75
13.455
13.152
12.843
12.52
12.199
11.877
11.555
11.231
10.902
10.568
10.227
9.8824
9.5305
9.1702
8.8355
8.5456
8.3004
8.0762
7.8372
7.5945
7.3555
7.1192
6.8849
6.6523
6.4211
6.1451
5.8244
5.5484
5.3171
5.1179
4.9175
4.7166
4.5149
4.3123
4.1093
3.9065
3.705
3.5059
3.3109
3.122
2.9448
2.7853
2.6433
2.5047
2.3656
2.2197
2.066
1.905
1.74
1.5742
1.4106
1.2522
1.1016
0.96072
0.83124
0.71382
0.60818
0.51297
0.42638
0.34428
0.26344
0.18411
0
0
0
0
0
0
0
0
0
0
0
0
0
0
0
0
0
0
0
0
0
0
0
0
0
0
0
0
0
0
0
0
0
0
0
0
0
0
0.046682
0.1381
0.27426
0.36568
0.41237
0.40523
0.39583
0.38427
0.37069
0.35521
0.33796
0.31908
0.29872
0.27702
0.25412
0.23016
0.20526
0
0
0
0
0
0
0
0
0
0
0
0
0
0
0
0
0
0
0
0
0
0
0
0
0
0
0
0
0
0
0
0
0
0
0
0
0
0
0
0
0
0
0
0
0
0
0
0
0
0
0
0
0
0
0
0
0
0
0
0
0
0
0
0
0
0
0
0
0
0
0
0
0
0
0
0
0
0
0
0
0
0
0
0
0
0
0
0
0
0
0
0
0
0
0
0
0
0
0
0
0
0
0
0
0
0
0
0
0
0
0
0
0
0
0
0
0
0
0
0
0
0
0
0
0
0
0
0
0
0
0
0
0
0
0
0
0
0
0
0
0
0
0
0
0
0
0
0
0
0
0
0
0
0
0
0
0
0
0
0
0
0
0
0
0
0
0
0
0
0
0
0
0
0
0
0
0
0
0
0
0
0
0
0
0
0
0
0
0
0
0
0
0
0
0
0
0
0
0
0
0
0
0
0
0
0
0
0
0
0
0
0
0
0
0
0
0
0
0
0
0
0
0
0
0
0
0
0
0
0
0
0
0
0
0
0
0
0
0
0
0
0
0
0
0
0
0
0
0
0
0
0
0
0
0
0
0
0
0
0
0
0
0
0
0
0
0
0
0
0
0
0
0
0
0
0
0
0
0
0
0
0
0
0
0
0
0
0
0
0
0
0
0
0
0
0
0
0
0
0
0
0
0
0
0
0
0
0
0
0
0
0
0
0
0
0
0
0
0
0
0
0
0
0
0
0
0
0
0
0
0
0
0
0
0
0
0
0
0
0
0
0
0
0
0
0
0
0
0
0
0
0
0
0
0
0
0
0
0
0
0
0
0
0
0
0
0.0098714
0.064482
0.16383
0.30792
0.49674
0.64083
0.74018
0.80332
0.91119
1.0638
1.2612
1.5032
1.7901
2.1216
2.4979
2.919
3.3848
3.8953
4.4506
5.0506
5.6953
6.3848
7.1108
7.8279
8.5363
9.2361
9.9274
10.61
11.285
11.951
12.609
13.26
13.905
14.543
15.176
15.802
16.423
17.038
17.647
18.251
18.849
19.441
20.029
20.613
21.191
21.765
22.335
22.9
23.461
24.017
24.569
25.116
25.659
26.191
26.691
27.16
27.599
28.013
28.402
28.713
29.056
29.377
29.681
29.97
30.245
30.509
30.764
31.013
31.257
31.497
31.737
31.978
32.22
32.466
32.717
32.974
33.237
33.508
33.786
34.073
34.368
34.672
34.984
35.303
35.631
35.965
36.306
36.653
37.005
37.361
37.721
38.084
38.449
38.815
39.182
39.549
39.914
40.278
40.639
40.998
41.352
41.703
42.049
42.39
42.726
43.056
43.38
43.698
44.011
44.317
44.617
44.911
45.199
45.482
45.758
46.029
46.295
46.556
46.811
47.063
47.309
47.552
47.792
48.028
48.219
48.365
48.467
48.524
48.577
48.63
48.683
48.736
48.788
48.797
48.794
48.791
48.788
48.751
48.715
48.678
48.641
48.603
48.566
48.528
48.49
48.452
48.413
48.374
48.335
48.296
48.257
48.217
48.178
48.138
48.097
48.057
48.016
47.975
47.934
47.893
47.852
47.81
47.768
47.726
47.684
47.641
47.599
47.556
47.513
47.47
47.428
47.385
47.342
47.3
47.257
47.215
47.173
47.131
47.089
47.047
47.006
46.964
46.923
46.882
46.842
46.801
46.761
46.721
46.682
46.643
46.604
46.565
46.527
46.49
46.453
46.418
46.384
46.353
46.323
46.296
46.27
46.247
46.227
46.208
46.191
46.175
46.159
46.145
46.132
46.12
46.107
46.096
46.084
46.074
46.063
46.053
46.044
46.035
46.027
46.019
46.012
46.005
45.999
45.993
45.988
45.983
45.979
45.975
45.973
45.97
45.969
45.968
45.967
45.97
45.992
46.032
46.089
46.163
46.253
46.358
46.477
46.609
46.752
46.906
47.069
47.24
47.418
47.601
47.788
47.978
48.123
48.224
48.279
48.332
48.385
48.438
48.491
48.544
48.597
48.65
48.703
48.755
48.808
48.861
48.914
48.967
49.02
49.073
49.126
49.179
49.232
49.285
49.337
49.39
49.443
49.496
49.549
49.602
49.655
49.708
49.716
49.714
49.668
49.615
49.562
49.509
49.456
49.404
49.351
49.298
49.245
49.192
49.139
49.086
49.033
48.98
48.927
48.874
48.822
48.813
48.85
48.903
48.956
49.009
49.062
49.114
49.167
49.22
49.273
49.281
49.28
49.234
49.181
49.128
49.075
49.022
48.969
48.916
48.863
48.855
48.892
48.945
48.998
49.051
49.103
49.156
49.209
49.262
49.315
49.368
49.421
49.474
49.527
49.58
49.633
49.685
49.738
49.791
49.844
49.897
49.95
50.003
50.056
50.109
50.161
50.215
50.267
50.32
50.373
50.426
50.434
50.487
50.495
50.494
50.447
50.394
50.342
50.289
50.236
50.183
50.13
50.077
50.024
49.971
49.918
49.865
49.812
49.76
49.707
49.654
49.601
49.548
49.495
49.442
49.389
49.336
49.283
49.23
49.178
49.125
49.072
49.019
48.966
48.913
48.86
48.852
48.889
48.941
48.994
49.047
49.1
49.153
49.206
49.259
49.312
49.32
49.32
49.275
49.222
49.169
49.116
49.063
49.01
48.957
48.904
48.851
48.843
48.88
48.933
48.986
49.038
49.091
49.144
49.197
49.25
49.303
49.356
49.409
49.462
49.515
49.568
49.621
49.673
49.726
49.779
49.832
49.885
49.938
49.991
49.999
50.052
50.06
50.113
50.121
50.174
50.182
50.235
50.243
50.296
50.304
50.304
50.259
50.206
50.153
50.1
50.048
49.995
49.942
49.889
49.836
49.783
49.73
49.677
49.624
49.571
49.519
49.466
49.413
49.36
49.307
49.254
49.201
49.148
49.095
49.042
48.989
48.937
48.884
48.831
48.822
48.859
48.912
48.965
49.018
49.071
49.124
49.132
49.129
49.082
49.029
48.977
48.924
48.871
48.862
48.899
48.952
49.005
49.058
49.111
49.164
49.217
49.269
49.278
49.276
49.23
49.177
49.124
49.071
49.018
48.965
48.912
48.859
48.851
48.798
48.701
48.574
48.448
48.322
48.197
48.071
47.945
47.818
47.689
47.557
47.424
47.286
47.144
46.997
46.847
46.692
46.529
46.362
46.19
46.014
45.834
45.651
45.464
45.239
45.009
44.778
44.547
44.315
44.083
43.852
43.621
43.391
43.162
42.934
42.708
42.484
42.263
42.04
41.814
41.587
41.357
41.129
40.903
40.676
40.444
40.206
39.962
39.713
39.457
39.196
38.929
38.656
38.377
38.093
37.805
37.519
37.241
36.966
36.693
36.428
36.164
35.902
35.635
35.361
35.077
34.785
34.483
34.169
33.81
33.452
33.091
32.727
32.358
31.983
31.602
31.213
30.801
30.393
29.98
29.561
29.137
28.713
28.307
27.92
27.579
27.191
26.758
26.337
25.962
25.632
25.311
24.976
24.626
24.272
23.949
23.653
23.379
23.121
22.877
22.644
22.42
22.204
22.066
21.973
21.878
21.779
21.675
21.567
21.457
21.343
21.184
20.989
20.77
20.526
20.258
19.967
19.651
19.31
18.945
18.596
18.245
17.892
17.538
17.182
16.824
16.465
16.104
15.74
15.357
14.98
14.613
14.265
13.937
13.628
13.34
13.07
12.812
12.599
12.431
12.307
12.229
12.183
12.135
12.086
12.036
11.983
11.929
11.874
11.817
11.758
11.698
11.651
11.602
11.551
11.497
11.439
11.371
11.292
11.201
11.065
10.915
10.72
10.48
10.286
10.136
9.9972
9.8571
9.7157
9.619
9.5671
9.5362
9.5019
9.4621
9.416
9.3633
9.3031
9.2352
9.1589
9.0737
8.9438
8.7691
8.5497
8.3068
8.0593
7.8078
7.5531
7.2958
7.0371
6.7777
6.5187
6.2589
5.9919
5.7233
5.4519
5.1794
4.9075
4.6385
4.3748
4.1193
3.8769
3.6792
3.5263
3.4166
3.3118
3.211
3.1136
3.0189
2.9267
2.8368
2.749
2.6632
2.5792
2.497
2.4163
2.3371
2.2594
2.1833
2.1089
2.0364
1.966
1.898
1.8175
1.7379
1.6583
1.5787
1.498
1.4087
1.3124
1.2106
1.1104
1.0187
0.93128
0.84659
0.76131
0.67786
0.59674
0.30208
0.22787
0.15617
0
0
0
0
0
0
0
0
0
0
0
0
0
0
0
0
0
0
0
0
0
0
0
0
0
0
0
0
0
0
0
0
0
0
0
0
0
0
0
0
0
0
0
0
0
0
0
0
0
0
0
0
0
0
0
0
0
0
0
0
0
0
0
0
0
0
0
0
0
0
0
0
0
0
0
0
0
0
0
0
0
0
0
0
0
0
0
0
0
0
0
0
0
0
0
0
0
0
0
0
0
0
0
0
0
0
0
0
0
0
0
0
0
0
0
0
0
0
0
0
0
0
0
0
0
0
0
0
0
0
0
0
0
0
0
0
0
0
0
0
0
0
0
0
0
0
0
0
0
0
0
0
0
0
0
0
0
0
0
0
0
0
0
0
0
0
0
0
0
0
0
0
0
0
0
0
0
0
0
0
0
0
0
0
0
0
0
0
0
0
0
0
0
0
0
0
0
0
0
0
0
0
0
0
0
0
0
0
0
0
0
0
0
0
0
0
0
0
0
0
0
0
0
0
0
0.043338
0.13142
0.2688
0.46501
0.70596
0.99165
1.2603
1.5554
1.891
2.2703
2.6939
3.1612
3.6706
4.22
4.8065
5.4267
6.077
6.7534
7.4499
8.1621
8.8664
9.5622
10.249
10.928
11.599
12.262
12.916
13.564
14.205
14.841
15.471
16.095
16.713
17.325
17.932
18.533
19.128
19.718
20.304
20.885
21.462
22.034
22.601
23.164
23.723
24.277
24.822
25.34
25.83
26.293
26.732
27.146
27.538
27.909
28.261
28.596
28.915
29.221
29.516
29.801
30.078
30.349
30.617
30.881
31.145
31.409
31.675
31.943
32.216
32.493
32.775
33.063
33.358
33.659
33.966
34.281
34.602
34.928
35.261
35.6
35.943
36.29
36.642
36.996
37.353
37.712
38.071
38.432
38.792
39.152
39.51
39.866
40.22
40.571
40.918
41.262
41.601
41.935
42.265
42.59
42.91
43.224
43.532
43.836
44.134
44.426
44.714
44.996
45.273
45.546
45.814
46.077
46.337
46.592
46.843
47.092
47.336
47.578
47.818
48.055
48.247
48.395
48.498
48.556
48.609
48.662
48.715
48.768
48.776
48.773
48.77
48.767
48.764
48.76
48.757
48.753
48.749
48.745
48.741
48.702
48.662
48.623
48.583
48.542
48.501
48.46
48.419
48.377
48.334
48.291
48.248
48.205
48.16
48.116
48.071
48.025
47.979
47.933
47.886
47.838
47.79
47.742
47.692
47.642
47.592
47.541
47.49
47.438
47.385
47.332
47.278
47.223
47.168
47.113
47.056
46.999
46.941
46.883
46.825
46.765
46.706
46.647
46.587
46.528
46.469
46.41
46.351
46.292
46.233
46.175
46.117
46.059
46.001
45.944
45.887
45.83
45.773
45.717
45.661
45.605
45.55
45.496
45.442
45.39
45.341
45.294
45.252
45.214
45.18
45.15
45.126
45.105
45.089
45.075
45.065
45.056
45.048
45.04
45.033
45.027
45.02
45.015
45.01
45.005
45.001
44.997
44.994
44.992
44.989
44.988
44.987
44.986
44.988
45.006
45.041
45.093
45.159
45.24
45.334
45.442
45.561
45.691
45.831
45.98
46.137
46.302
46.474
46.65
46.831
47.014
47.2
47.388
47.575
47.763
47.949
48.09
48.187
48.24
48.293
48.346
48.398
48.451
48.504
48.557
48.61
48.663
48.716
48.769
48.822
48.874
48.928
48.98
49.033
49.086
49.139
49.192
49.245
49.298
49.351
49.404
49.412
49.465
49.473
49.526
49.534
49.532
49.486
49.433
49.38
49.327
49.274
49.221
49.168
49.115
49.063
49.01
48.957
48.904
48.851
48.843
48.879
48.932
48.985
49.038
49.091
49.144
49.197
49.25
49.303
49.311
49.308
49.261
49.208
49.155
49.102
49.049
48.996
48.944
48.891
48.838
48.83
48.866
48.919
48.972
49.025
49.078
49.131
49.184
49.236
49.245
49.243
49.196
49.143
49.09
49.037
48.984
48.932
48.879
48.826
48.818
48.854
48.907
48.96
49.013
49.066
49.119
49.172
49.224
49.277
49.33
49.383
49.436
49.489
49.542
49.595
49.648
49.701
49.754
49.762
49.759
49.712
49.62
49.484
49.302
49.12
48.945
48.773
48.604
48.44
48.282
48.129
47.98
47.836
47.696
47.559
47.467
47.42
47.397
47.373
47.347
47.321
47.294
47.267
47.238
47.208
47.177
47.145
47.112
47.077
47.041
47.004
46.966
46.926
46.885
46.842
46.798
46.752
46.661
46.526
46.368
46.204
46.036
45.863
45.685
45.5
45.307
45.101
44.871
44.646
44.429
44.221
44.033
43.891
43.793
43.709
43.58
43.406
43.202
42.987
42.764
42.529
42.284
42.03
41.787
41.551
41.322
41.097
40.876
40.657
40.44
40.223
40.007
39.783
39.515
39.202
38.844
38.454
38.067
37.704
37.352
36.998
36.638
36.269
35.856
35.413
34.899
34.355
33.779
33.168
32.522
31.839
31.203
30.58
29.965
29.325
28.657
27.973
27.274
26.562
25.841
25.113
24.38
23.683
22.986
22.298
21.573
20.871
20.178
19.51
18.89
18.319
17.796
17.321
16.894
16.509
16.161
15.817
15.476
15.138
14.775
14.398
14.01
13.612
13.205
12.791
12.371
11.949
11.527
11.107
10.691
10.281
9.8488
9.4204
8.9966
8.6196
8.2873
7.9998
7.757
7.5589
7.3984
7.2386
7.0789
6.9166
6.7989
6.726
6.6888
6.6444
6.5925
6.5331
6.466
6.3913
6.309
6.2193
6.1223
6.0181
5.9072
5.7898
5.6666
5.5385
5.4064
5.271
5.058
4.8479
4.6411
4.4384
4.2401
4.0465
3.8581
3.6755
3.4993
3.3299
3.2075
3.1297
3.0622
2.9913
2.9171
2.8399
2.7596
2.6767
2.5913
2.5038
2.4166
2.3314
2.249
2.1683
2.0883
2.0089
1.9302
1.852
1.7744
1.6974
1.6211
1.5338
1.4494
1.3677
1.27
1.1384
1.0676
0.99407
0.91748
0.78548
0.71816
0.66853
0.62136
0.57647
0.53459
0.49617
0.46153
0.431
0.40482
0.38317
0.3661
0.35371
0.3455
0.33912
0.37833
0.37039
0.41012
0.49459
0.47926
0.46753
0.50566
0.49621
0.53716
0.52937
0.5723
0.56555
0.60967
0.60331
0.64785
0.64124
0.63599
0.68199
0.67538
0.66958
0.7154
0.71315
0.71157
0.71066
0.71039
0.71547
0.72473
0.73435
0.79347
0.79112
0.78922
0.78773
0.78661
0.78583
0.78535
0.83661
0.83374
0.83104
0.82844
0.82586
0.82321
0.82041
0.86986
0.86365
0.85694
0.8496
0.84153
0.83263
0.82278
0.86693
0.95582
1.0895
1.1783
1.2225
1.2219
1.2165
1.2108
1.2048
1.179
1.1483
1.142
1.135
1.1273
1.1187
1.1091
1.0985
1.0868
1.0737
1.0589
1.0421
1.0234
0.99517
0.96698
0.93879
0.9093
0.87469
0.83545
0.79216
0.74537
0.69566
0.6436
0.58973
0.53456
0.47855
0.42212
0.36558
0.30922
0.25319
0.19761
0
0
0
0
0
0
0
0
0
0
0
0
0
0
0
0
0
0
0
0
0
0
0
0
0
0
0
0
0
0
0
0
0
0
0
0
0
0
0
0
0
0
0
0
0
0
0
0
0
0
0
0
0
0
0
0
0
0
0
0
0
0
0
0
0
0
0
0
0
0
0
0
0
0
0
0
0
0
0
0
0
0
0
0
0
0
0
0
0
0
0
0
0
0
0
0
0
0
0
0
0
0
0
0
0
0
0
0
0
0
0
0
0
0
0
0
0
0
0
0
0
0
0
0
0
0
0
0
0
0
0
0
0
0
0
0
0
0
0
0
0
0
0
0
0
0
0
0
0
0
0
0
0
0
0
0
0
0
0
0
0
0
0
0
0
0
0
0
0
0
0
0
0
0
0
0
0
0
0
0
0
0
0
0
0
0
0
0
0
0
0
0
0
0
0
0
0
0
0
0
0
0
0
0
0
0
0
0
0
0
0
0
0
0
0
0
0
0
0
0
0
0
0
0
0
0
0
0
0
0
0
0
0
0
0
0
0
0
0
0
0
0
0
0
0
0
0
0
0
0
0
0
0
0
0
0
0
0
0
0
0
0
0
0
0
0
0
0
0
0
0
0
0
0
0
0
0
0
0
0
0
0
0
0
0
0
0
0
0
0
0
0
0
0
0
0
0
0
0
0
0
0
0
0
0
0
0
0
0
0
0
0
0
0
0
0
0
0
0
0
0
0
0
0
0
0.034896
0.11453
0.24741
0.45242
0.70217
0.99666
1.3309
1.6607
2.0248
2.431
2.8808
3.3739
3.9084
4.4818
5.0911
5.7325
6.4021
7.0953
7.806
8.5147
9.2147
9.9062
10.589
11.264
11.931
12.589
13.24
13.885
14.524
15.156
15.783
16.404
17.019
17.629
18.232
18.83
19.423
20.011
20.595
21.174
21.748
22.317
22.883
23.444
24
24.552
25.099
25.624
26.12
26.589
27.031
27.448
27.841
28.212
28.564
28.897
29.213
29.515
29.805
30.085
30.356
30.621
30.881
31.138
31.394
31.65
31.907
32.168
32.432
32.701
32.975
33.256
33.544
33.838
34.14
34.449
34.765
35.087
35.417
35.752
36.093
36.438
36.788
37.142
37.499
37.857
38.218
38.579
38.941
39.302
39.663
40.021
40.377
40.73
41.08
41.426
41.768
42.105
42.437
42.764
43.086
43.401
43.712
44.017
44.316
44.61
44.898
45.182
45.459
45.732
46
46.263
46.521
46.776
47.026
47.273
47.517
47.757
47.994
48.187
48.335
48.438
48.497
48.55
48.603
48.656
48.664
48.661
48.658
48.655
48.651
48.648
48.644
48.64
48.636
48.631
48.627
48.622
48.582
48.541
48.5
48.459
48.417
48.374
48.332
48.288
48.245
48.2
48.155
48.11
48.064
48.017
47.97
47.922
47.874
47.825
47.775
47.725
47.674
47.622
47.569
47.516
47.462
47.407
47.352
47.295
47.238
47.18
47.121
47.061
47
46.939
46.876
46.814
46.75
46.686
46.621
46.557
46.491
46.426
46.36
46.295
46.229
46.164
46.099
46.034
45.969
45.904
45.84
45.776
45.712
45.648
45.584
45.521
45.458
45.395
45.332
45.27
45.208
45.147
45.086
45.025
44.965
44.906
44.849
44.796
44.746
44.699
44.658
44.621
44.59
44.564
44.542
44.525
44.512
44.502
44.495
44.487
44.481
44.475
44.469
44.464
44.459
44.455
44.451
44.447
44.445
44.443
44.441
44.44
44.439
44.44
44.459
44.497
44.552
44.625
44.715
44.821
44.942
45.077
45.225
45.385
45.555
45.736
45.924
46.119
46.32
46.526
46.735
46.947
47.159
47.371
47.582
47.791
47.956
48.075
48.15
48.203
48.256
48.309
48.362
48.415
48.468
48.521
48.574
48.627
48.679
48.732
48.785
48.838
48.891
48.944
48.997
49.05
49.103
49.156
49.209
49.261
49.314
49.367
49.376
49.428
49.437
49.434
49.386
49.334
49.281
49.228
49.175
49.122
49.069
49.016
48.963
48.91
48.857
48.849
48.886
48.939
48.992
49.044
49.097
49.15
49.203
49.256
49.264
49.262
49.214
49.161
49.108
49.055
49.002
48.95
48.897
48.844
48.836
48.872
48.925
48.978
49.031
49.084
49.137
49.19
49.243
49.295
49.348
49.401
49.454
49.507
49.56
49.568
49.566
49.52
49.467
49.414
49.361
49.308
49.255
49.203
49.15
49.097
49.044
48.991
48.938
48.885
48.832
48.824
48.861
48.913
48.966
49.019
49.072
49.125
49.178
49.231
49.284
49.337
49.39
49.443
49.496
49.548
49.601
49.654
49.707
49.76
49.768
49.766
49.719
49.666
49.613
49.56
49.507
49.454
49.401
49.349
49.296
49.243
49.19
49.137
49.084
49.031
48.978
48.925
48.872
48.819
48.811
48.848
48.901
48.954
49.007
49.06
49.112
49.165
49.218
49.226
49.224
49.177
49.124
49.072
49.019
48.966
48.913
48.86
48.852
48.888
48.941
48.994
49.047
49.033
48.966
48.854
48.698
48.497
48.251
47.985
47.721
47.451
47.188
46.922
46.651
46.375
46.094
45.809
45.518
45.221
44.919
44.612
44.298
43.971
43.623
43.252
42.856
42.436
41.99
41.518
41.021
40.498
39.951
39.381
38.795
38.198
37.591
36.978
36.366
35.754
35.146
34.543
33.949
33.356
32.764
32.174
31.587
31.006
30.435
29.881
29.338
28.826
28.333
27.858
27.402
26.964
26.546
26.147
25.767
25.408
25.069
24.75
24.448
24.154
23.867
23.601
23.355
23.119
22.878
22.632
22.381
22.126
21.865
21.599
21.328
21.051
20.77
20.483
20.192
19.895
19.595
19.291
18.984
18.667
18.331
17.975
17.604
17.22
16.834
16.445
16.051
15.666
15.294
14.92
14.539
14.15
13.752
13.344
12.929
12.512
12.107
11.711
11.284
10.858
10.454
10.075
9.7174
9.3778
9.0529
8.7404
8.4386
8.1461
7.8618
7.5851
7.3156
7.0529
6.7972
6.5434
6.2832
6.0156
5.7394
5.4184
5.1158
4.8124
4.5121
4.2195
3.9396
3.6784
3.4619
3.2901
3.1631
3.0497
2.9447
2.8468
2.7551
2.6524
2.5407
2.4212
2.2955
2.1648
2.0305
1.894
1.7565
1.6194
1.484
1.3516
1.2192
0.92996
0.85303
0.77437
0.69491
0.61552
0.53696
0.45983
0.38456
0.3114
0.24042
0.17146
0
0
0
0
0
0
0
0
0
0
0
0
0
0
0
0
0
0
0
0
0
0
0
0
0
0
0
0
0
0
0
0
0
0
0
0
0
0
0
0
0
0
0
0
0
0
0
0
0
0
0
0
0
0
0
0
0
0
0
0
0
0
0
0
0
0
0
0
0
0
0
0
0
0
0
0
0
0
0
0
0
0
0
0
0
0
0
0
0
0
0
0
0
0
0
0
0
0
0
0
0
0
0
0
0
0
0
0
0
0
0
0
0
0
0
0
0
0
0
0
0
0
0
0
0
0
0
0
0
0
0
0
0
0
0
0
0
0
0
0
0
0
0
0
0
0
0
0
0
0
0
0
0
0
0
0
0
0
0
0
0
0
0
0
0
0
0
0
0
0
0
0
0
0
0
0
0
0
0
0
0
0
0
0
0
0
0
0
0
0
0
0
0
0
0
0
0
0
0
0
0
0
0
0
0
0
0
0
0
0
0
0
0
0
0
0
0
0
0
0
0
0
0
0
0
0
0
0
0
0
0
0
0
0
0
0
0
0
0
0
0
0
0
0
0
0
0
0
0
0
0
0
0
0
0
0
0
0
0
0
0
0
0
0
0
0
0
0
0
0
0
0
0
0
0
0
0
0
0
0
0
0
0
0
0
0
0
0
0
0
0
0
0
0
0
0
0
0
0
0
0
0
0
0
0
0
0
0
0
0
0
0
0
0
0
0
0
0
0
0
0
0
0
0
0
0
0
0
0
0
0
0
0
0
0
0
0
0
0
0
0
0
0
0
0
0
0
0
0
0
0
0
0
0
0
0
0
0
0
0
0
0
0
0
0
0
0
0
0
0
0
0
0
0
0
0
0
0
0
0
0
0
0
0
0
0
0
0
0
0
0
0
0
0
0
0
0
0
0
0
0
0
0
0
0
0
0
0
0
0
0
0
0
0
0
0
0
0
0
0
0
0
0
0
0
0
0
0
0
0
0
0
0
0
0
0
0
0
0
0
0
0
0
0
0
0
0
0
0
0
0
0
0
0
0
0
0
0
0
0
0
0
0
0
0
0
0
0
0
0
0
0
0.019729
0.084197
0.20985
0.42684
0.7014
1.0207
1.3847
1.7901
2.2025
2.6482
3.1337
3.6599
4.2256
4.8282
5.4644
6.1304
6.822
7.533
8.245
8.9483
9.6431
10.329
11.007
11.677
12.339
12.992
13.639
14.28
14.915
15.544
16.168
16.785
17.397
18.002
18.603
19.197
19.787
20.372
20.953
21.529
22.1
22.667
23.23
23.788
24.341
24.891
25.436
25.966
26.466
26.938
27.382
27.8
28.193
28.563
28.912
29.242
29.555
29.853
30.137
30.411
30.675
30.933
31.185
31.434
31.682
31.929
32.178
32.43
32.686
32.947
33.214
33.488
33.768
34.056
34.352
34.656
34.967
35.285
35.611
35.943
36.281
36.625
36.974
37.326
37.683
38.042
38.403
38.765
39.128
39.491
39.853
40.214
40.572
40.927
41.279
41.628
41.971
42.311
42.645
42.974
43.297
43.615
43.927
44.234
44.534
44.829
45.118
45.401
45.679
45.952
46.219
46.482
46.738
46.988
47.188
47.342
47.452
47.517
47.48
47.442
47.404
47.366
47.328
47.289
47.251
47.212
47.173
47.133
47.094
47.054
47.014
46.974
46.934
46.894
46.854
46.814
46.773
46.733
46.693
46.653
46.615
46.577
46.541
46.506
46.473
46.442
46.411
46.38
46.349
46.319
46.288
46.258
46.229
46.2
46.113
45.974
45.787
45.556
45.28
44.96
44.594
44.184
43.728
43.242
42.8
42.392
41.987
41.585
41.185
40.788
40.391
39.996
39.6
39.204
38.807
38.409
38.009
37.608
37.204
36.798
36.389
35.977
35.561
35.141
34.715
34.284
33.848
33.406
32.957
32.503
32.043
31.576
31.103
30.675
30.291
29.952
29.622
29.282
28.932
28.572
28.201
27.785
27.378
26.959
26.525
26.077
25.612
25.132
24.634
24.119
23.586
23.034
22.462
21.872
21.262
20.633
19.984
19.317
18.632
17.931
17.215
16.487
15.749
15.005
14.257
13.51
12.768
12.047
11.346
10.662
9.9909
9.3301
8.6778
8.0324
7.4318
6.8758
6.3646
5.8982
5.4764
5.0995
4.7546
4.4131
4.0823
3.7673
3.4732
3.2076
2.9869
2.8108
2.6795
2.5706
2.4495
2.3284
2.2073
2.0984
1.9999
1.9106
1.829
1.7542
1.6854
1.6219
1.5631
1.5055
1.4478
1.3902
1.3325
1.2723
1.2049
1.1316
1.0533
0.97126
0.88667
0.80063
0.71422
0.62841
0.54404
0.46176
0.38203
0.30508
0.23089
0.15921
0
0
0
0
0
0
0
0
0
0
0
0
0
0
0
0
0
0
0
0
0
0
0
0
0
0
0
0
0
0
0
0
0
0
0
0
0
0
0
0
0
0
0
0
0
0
0
0
0
0
0
0
0
0
0
0
0
0
0
0
0
0
0
0
0
0
0
0
0
0
0
0
0
0
0
0
0
0
0
0
0
0
0
0
0
0
0
0
0
0
0
0
0
0
0
0
0
0
0
0
0
0
0
0
0
0
0
0
0
0
0
0
0
0
0
0
0
0
0
0
0
0
0
0
0
0
0
0
0
0
0
0
0
0
0
0
0
0
0
0
0
0
0
0
0
0
0
0
0
0
0
0
0
0
0
0
0
0
0
0
0
0
0
0
0
0
0
0
0
0
0
0
0
0
0
0
0
0
0
0
0
0
0
0
0
0
0
0
0
0
0
0
0
0
0
0
0
0
0
0
0
0
0
0
0
0
0
0
0
0
0
0
0
0
0
0
0
0
0
0
0
0
0
0
0
0
0
0
0
0
0
0
0
0
0
0
0
0
0
0
0
0
0
0
0
0
0
0
0
0
0
0
0
0
0
0
0
0
0
0
0
0
0
0
0
0
0
0
0
0
0
0
0
0
0
0
0
0
0
0
0
0
0
0
0
0
0
0
0
0
0
0
0
0
0
0
0
0
0
0
0
0
0
0
0
0
0
0
0
0
0
0
0
0
0
0
0
0
0
0
0
0
0
0
0
0
0
0
0
0
0
0
0
0
0
0
0
0
0
0
0
0
0
0
0
0
0
0
0
0
0
0
0
0
0
0
0
0
0
0
0
0
0
0
0
0
0
0
0
0
0
0
0
0
0
0
0
0
0
0
0
0
0
0
0
0
0
0
0
0
0
0
0
0
0
0
0
0
0
0
0
0
0
0
0
0
0
0
0
0
0
0
0
0
0
0
0
0
0
0
0
0
0
0
0
0
0
0
0
0
0
0
0
0
0
0
0
0
0
0
0
0
0
0
0
0
0
0
0
0
0
0
0
0
0
0
0
0
0
0
0
0
0
0
0
0
0
0
0
0
0
0
0
0
0
0
0
0
0
0
0
0
0
0
0
0
0
0
0
0
0
0
0
0
0
0
0
0
0
0
0
0
0
0
0
0
0
0
0
0
0
0
0
0
0
0
0
0
0
0
0
0
0
0
0
0
0
0
0
0
0
0
0
0
0
0
0.044739
0.13422
0.30166
0.55308
0.85677
1.2052
1.5984
2.0363
2.5189
3.0359
3.583
4.1644
4.7802
5.4281
6.105
6.8069
7.5277
8.2397
8.9431
9.638
10.324
11.002
11.672
12.334
12.987
13.634
14.275
14.911
15.54
16.163
16.78
17.392
17.998
18.598
19.193
19.783
20.368
20.948
21.525
22.096
22.663
23.226
23.784
24.337
24.887
25.432
25.972
26.504
27.005
27.475
27.918
28.333
28.725
29.093
29.439
29.762
30.067
30.355
30.629
30.892
31.145
31.39
31.631
31.868
32.103
32.339
32.577
32.817
33.062
33.313
33.57
33.834
34.107
34.387
34.676
34.973
35.279
35.593
35.915
36.245
36.581
36.923
37.271
37.624
37.981
38.341
38.704
39.069
39.434
39.799
40.164
40.527
40.888
41.247
41.602
41.953
42.3
42.641
42.978
43.309
43.634
43.606
43.578
43.55
43.522
43.495
43.468
43.441
43.416
43.391
43.367
43.343
43.321
43.299
43.279
43.279
43.279
43.279
43.279
43.279
43.279
43.279
43.279
43.279
43.279
43.279
43.279
43.279
43.279
43.306
43.379
43.496
43.657
43.864
44.115
44.411
44.721
45.029
45.336
45.64
45.943
46.244
46.543
46.84
47.136
47.43
47.716
47.973
48.205
48.392
48.534
48.631
48.684
48.737
48.79
48.843
48.896
48.949
49.001
49.054
49.107
49.16
49.213
49.266
49.273
49.236
49.154
49.027
48.855
48.639
48.38
48.11
47.828
47.534
47.228
46.91
46.62
46.323
46.019
45.706
45.386
45.058
44.722
44.377
44.025
43.663
43.293
42.913
42.524
42.125
41.716
41.297
40.866
40.424
39.97
39.504
39.025
38.532
38.026
37.506
36.97
36.419
35.851
35.267
34.665
34.045
33.407
32.749
32.07
31.371
30.641
29.888
29.112
28.314
27.493
26.649
25.784
24.899
23.995
23.075
22.144
21.206
20.313
19.465
18.661
17.902
17.188
16.494
15.815
15.146
14.487
13.836
13.19
12.55
11.913
11.28
10.65
10.022
9.3962
8.7718
8.1486
7.5623
7.0095
6.4917
6.0103
5.566
5.1597
4.798
4.4774
4.1609
3.8509
3.5507
3.2642
3.0224
2.8253
2.673
2.5375
2.3936
2.2655
2.1508
2.0474
1.9495
1.8515
1.7536
1.6548
1.5465
1.4305
1.3088
1.1833
1.0562
0.92942
0.80493
0.68445
0.56947
0.46109
0.35992
0.26598
0.17866
0
0
0
0
0
0
0
0
0
0
0
0
0
0
0
0
0
0
0
0
0
0
0
0
0
0
0
0
0
0
0
0
0
0
0
0
0
0
0
0
0
0
0
0
0
0
0
0
0
0
0
0
0
0
0
0
0
0
0
0
0
0
0
0.044739
0.16197
0.38646
0.69785
1.0614
1.4697
1.9228
2.4205
2.9595
3.5188
4.1083
4.7299
5.3826
6.0636
6.7693
7.4906
8.2031
8.907
9.6022
10.289
10.967
11.638
12.3
12.954
13.601
14.242
14.878
15.507
16.131
16.749
17.36
17.967
18.567
19.162
19.752
20.338
20.919
21.495
22.067
22.634
23.197
23.755
24.309
24.858
25.404
25.944
26.48
26.997
27.483
27.938
28.367
28.711
29.092
29.45
29.787
30.103
30.401
30.683
30.953
31.213
31.463
31.707
31.946
32.183
32.418
32.655
32.893
33.135
33.381
33.633
33.892
34.158
34.432
34.714
35.005
35.304
35.611
35.925
36.248
36.578
36.914
37.256
37.604
37.956
38.312
38.671
39.032
39.395
39.758
40.122
40.484
40.845
41.203
41.559
41.911
42.259
42.603
42.942
43.275
43.603
43.575
43.547
43.519
43.491
43.464
43.437
43.411
43.386
43.361
43.337
43.313
43.291
43.27
43.249
43.249
43.249
43.249
43.249
43.249
43.249
43.249
43.249
43.249
43.249
43.249
43.249
43.249
43.249
43.249
43.277
43.349
43.461
43.613
43.802
44.024
44.278
44.56
44.867
45.195
45.541
45.902
46.275
46.644
47.009
47.337
47.632
47.898
48.137
48.331
48.481
48.586
48.646
48.699
48.752
48.805
48.858
48.91
48.963
49.016
49.069
49.122
49.175
49.228
49.281
49.334
49.387
49.44
49.492
49.545
49.598
49.651
49.704
49.757
49.81
49.863
49.916
49.969
50.022
50.074
50.127
50.18
50.233
50.286
50.339
50.392
50.445
50.498
50.551
50.603
50.656
50.709
50.762
50.815
50.868
50.921
50.974
51.027
51.08
51.133
51.185
51.238
51.291
51.344
51.397
51.45
51.503
51.556
51.609
51.662
51.715
51.767
51.82
51.829
51.828
51.871
51.924
51.933
51.986
51.994
52.047
52.055
52.054
52.098
52.151
52.159
52.212
52.22
52.273
52.281
52.28
52.324
52.377
52.385
52.438
52.446
52.499
52.507
52.506
52.55
52.603
52.611
52.664
52.672
52.671
52.669
52.668
52.666
52.664
52.661
52.659
52.656
52.653
52.649
52.645
52.641
52.637
52.632
52.626
52.621
52.615
52.608
52.601
52.593
52.585
52.577
52.568
52.558
52.548
52.537
52.525
52.513
52.5
52.486
52.472
52.457
52.441
52.425
52.407
52.389
52.369
52.349
52.328
52.305
52.282
52.257
52.232
52.205
52.177
52.147
52.117
52.085
52.054
52.023
51.993
51.962
51.931
51.901
51.87
51.84
51.81
51.779
51.749
51.719
51.689
51.659
51.629
51.599
51.569
51.54
51.51
51.48
51.45
51.419
51.388
51.356
51.325
51.293
51.261
51.229
51.196
51.164
51.131
51.098
51.064
51.031
50.997
50.963
50.929
50.894
50.859
50.825
50.789
50.754
50.719
50.683
50.647
50.611
50.575
50.538
50.502
50.465
50.428
50.391
50.353
50.316
50.278
50.24
50.202
50.164
50.125
50.087
50.083
50.079
50.075
50.071
50.067
50.062
50.057
50.052
50.048
50.043
50.039
50.035
50.032
50.029
50.025
50.023
50.02
50.017
50.015
50.013
50.011
50.009
50.008
50.006
50.005
50.004
50.003
50.002
50.001
50.001
50
50
49.999
49.999
49.999
50.043
50.043
50.088
50.141
50.149
50.149
50.193
50.246
50.254
50.307
50.315
50.368
50.376
50.376
50.421
50.474
50.482
50.535
50.543
50.596
50.604
50.604
50.648
50.701
50.709
50.762
50.771
50.824
50.832
50.885
50.893
50.892
50.937
50.99
50.998
51.051
51.059
51.112
51.12
51.12
51.165
51.218
51.226
51.279
51.287
51.34
51.348
51.401
51.409
51.409
51.453
51.506
51.514
51.567
51.55
51.532
51.514
51.496
51.478
51.46
51.442
51.424
51.406
51.388
51.371
51.353
51.335
51.318
51.301
51.283
51.266
51.249
51.233
51.216
51.2
51.183
51.167
51.151
51.136
51.12
51.105
51.09
51.075
51.061
51.047
51.033
51.019
50.99
50.948
50.907
50.866
50.825
50.784
50.744
50.704
50.664
50.625
50.586
50.548
50.51
50.472
50.434
50.397
50.36
50.324
50.288
50.252
50.217
50.182
50.147
50.113
50.079
50.045
50.012
49.979
49.947
49.914
49.883
49.852
49.821
49.79
49.76
49.73
49.7
49.671
49.618
49.565
49.512
49.459
49.407
49.354
49.301
49.248
49.195
49.142
49.089
49.036
48.983
48.93
48.877
48.825
48.816
48.853
48.906
48.959
49.012
49.065
49.118
49.17
49.223
49.276
49.329
49.382
49.435
49.488
49.541
49.594
49.647
49.7
49.752
49.805
49.858
49.911
49.964
50.017
50.07
50.123
50.176
50.229
50.282
50.29
50.288
50.286
50.284
50.281
50.278
50.275
50.271
50.267
50.263
50.258
50.254
50.248
50.242
50.236
50.229
50.221
50.213
50.205
50.196
50.186
50.176
50.164
50.153
50.141
50.127
50.113
50.099
50.096
50.093
50.09
50.087
50.084
50.081
49.917
49.615
49.194
48.673
48.069
